parameter_names = ["queue_size", "timeout"];
% Queue size
parameter_values{1} = [1,2,4,8,12,16,24,32,50,100,120,180,220,300,400,500,600,700,800,1000];
% Timeout
parameter_values{2} = [0.1,0.3,0.5,0.8,1,2,3,4,5,6,7,8,9,10];