parameter_names = ["parallel_instances", "lambda_chunk_size"];
% Parallel instances
parameter_values{1} = [1,2,4,8,12,16,24,32,50,100,120,180,220,300,400,500,600,700,800,1000];
% Lambda chunk size
parameter_values{2} = [1,2,4,8,12,16,24,32,48,64,128,164,192,256,300,320,340,360,380,410];