parameter_names = ["cache_size", "cache_size_2", "test"];

parameter_values = {};

parameter_values{1} = [8,16,24,32,64,128,256,512,1024,1440,2048,2500,3200,3800,4096,5200,5800,6400,6800,7200];
parameter_values{2} = 1:20;
parameter_values{3} = [0, 1, 2];